<?xml version="1.0"?>
<opencv_storage>
<D1 type_id="opencv-matrix">
  <rows>1</rows>
  <cols>5</cols>
  <dt>d</dt>
  <data>
    -6.9168526486271725e-002 -5.8254530530621895e-001 0. 0.
    2.1036979248964762e+000</data></D1>
</opencv_storage>
