<?xml version="1.0"?>
<opencv_storage>
<D1 type_id="opencv-matrix">
  <rows>1</rows>
  <cols>5</cols>
  <dt>d</dt>
  <data>
    -5.6726716482588346e-001 8.2984444969996058e+000 0. 0.
    -1.4855479340529222e+001</data></D1>
</opencv_storage>
