<?xml version="1.0"?>
<opencv_storage>
<D2 type_id="opencv-matrix">
  <rows>1</rows>
  <cols>5</cols>
  <dt>d</dt>
  <data>
    6.4490273455194358e-001 -7.1725022636166349e+000 0. 0.
    2.7699093154933713e+001</data></D2>
</opencv_storage>
