<?xml version="1.0"?>
<opencv_storage>
<D2 type_id="opencv-matrix">
  <rows>1</rows>
  <cols>5</cols>
  <dt>d</dt>
  <data>
    -8.3021933586697239e-001 1.9354496251803095e+001 0. 0.
    -1.2368864983247627e+002</data></D2>
</opencv_storage>
