<?xml version="1.0"?>
<opencv_storage>
<M1 type_id="opencv-matrix">
  <rows>3</rows>
  <cols>3</cols>
  <dt>d</dt>
  <data>
    2.3170051896213481e+003 0. 2.0659296997167354e+002 0.
    2.3170051896213481e+003 4.4474818097557824e+002 0. 0. 1.</data></M1>
</opencv_storage>
