<?xml version="1.0"?>
<opencv_storage>
<M1 type_id="opencv-matrix">
  <rows>3</rows>
  <cols>3</cols>
  <dt>d</dt>
  <data>
    5.8339467608917539e+002 0. 2.7112841225623066e+002 0.
    5.8339467608917539e+002 2.1154851846899845e+002 0. 0. 1.</data></M1>
</opencv_storage>
