<?xml version="1.0"?>
<opencv_storage>
<M2 type_id="opencv-matrix">
  <rows>3</rows>
  <cols>3</cols>
  <dt>d</dt>
  <data>
    5.8339467608917539e+002 0. 2.7842026404772304e+002 0.
    5.8339467608917539e+002 1.4289921569521042e+002 0. 0. 1.</data></M2>
</opencv_storage>
