<?xml version="1.0"?>
<opencv_storage>
<M2 type_id="opencv-matrix">
  <rows>3</rows>
  <cols>3</cols>
  <dt>d</dt>
  <data>
    2.3170051896213481e+003 0. 1.7303681588825108e+002 0.
    2.3170051896213481e+003 4.2233394546404327e+002 0. 0. 1.</data></M2>
</opencv_storage>
