<?xml version="1.0"?>
<opencv_storage>
<P1 type_id="opencv-matrix">
  <rows>3</rows>
  <cols>4</cols>
  <dt>d</dt>
  <data>
    2.2596746776597311e+003 0. 1.0735897598266602e+003 0. 0.
    2.2596746776597311e+003 4.1287946534156799e+002 0. 0. 0. 1. 0.</data></P1>
</opencv_storage>
