<?xml version="1.0"?>
<opencv_storage>
<P2 type_id="opencv-matrix">
  <rows>3</rows>
  <cols>4</cols>
  <dt>d</dt>
  <data>
    5.6442473225631159e+002 0. 2.8235855388641357e+002
    -6.7527878636253499e+003 0. 5.6442473225631159e+002
    2.3067455136775970e+002 0. 0. 0. 1. 0.</data></P2>
</opencv_storage>
