<?xml version="1.0"?>
<opencv_storage>
<P2 type_id="opencv-matrix">
  <rows>3</rows>
  <cols>4</cols>
  <dt>d</dt>
  <data>
    2.2596746776597311e+003 0. 1.1259852447509766e+003
    -1.3118002216365358e+004 0. 2.2596746776597311e+003
    4.1287946534156799e+002 0. 0. 0. 1. 0.</data></P2>
</opencv_storage>
