<?xml version="1.0"?>
<opencv_storage>
<Q type_id="opencv-matrix">
  <rows>4</rows>
  <cols>4</cols>
  <dt>d</dt>
  <data>
    1. 0. 0. -1.8229682922363281e+002 0. 1. 0. -2.3067455136775970e+002
    0. 0. 0. 5.6442473225631159e+002 0. 0. -8.3583957271432849e-002
    8.3635549187197462e+000</data></Q>
</opencv_storage>
