<?xml version="1.0"?>
<opencv_storage>
<Q type_id="opencv-matrix">
  <rows>4</rows>
  <cols>4</cols>
  <dt>d</dt>
  <data>
    1. 0. 0. -1.0735897598266602e+003 0. 1. 0. -4.1287946534156799e+002
    0. 0. 0. 2.2596746776597311e+003 0. 0. -1.7225753132139854e-001
    9.0255168854502976e+000</data></Q>
</opencv_storage>
