<?xml version="1.0"?>
<opencv_storage>
<R1 type_id="opencv-matrix">
  <rows>3</rows>
  <cols>3</cols>
  <dt>d</dt>
  <data>
    9.7689970827246575e-001 -1.5068199770447427e-001
    1.5153183013796268e-001 1.5940921657012458e-001
    9.8608708787476018e-001 -4.7127028329552491e-002
    -1.4232238632650407e-001 7.0193950554617884e-002
    9.8732828768138980e-001</data></R1>
</opencv_storage>
