<?xml version="1.0"?>
<opencv_storage>
<R1 type_id="opencv-matrix">
  <rows>3</rows>
  <cols>3</cols>
  <dt>d</dt>
  <data>
    9.3168243548996976e-001 1.0757210131209829e-001
    -3.4698138627133546e-001 -1.0401390096385968e-001
    9.9415522858868410e-001 2.8922134707898263e-002
    3.4806457418955816e-001 9.1446426437057481e-003
    9.3742595851894372e-001</data></R1>
</opencv_storage>
