<?xml version="1.0"?>
<opencv_storage>
<R2 type_id="opencv-matrix">
  <rows>3</rows>
  <cols>3</cols>
  <dt>d</dt>
  <data>
    9.2170697078354613e-001 5.7985064492715607e-002
    -3.8352834615552811e-001 -6.1918935063543380e-002
    9.9807898816966012e-001 2.0925713427057784e-003
    3.8291292154955509e-001 2.1818929167198499e-002
    9.2352673423154408e-001</data></R2>
</opencv_storage>
