<?xml version="1.0"?>
<opencv_storage>
<R2 type_id="opencv-matrix">
  <rows>3</rows>
  <cols>3</cols>
  <dt>d</dt>
  <data>
    9.6950241616245747e-001 -2.2605036912990664e-001
    9.4690525774177470e-002 2.2002042096084157e-001
    9.7297793104802088e-001 7.0035419993935283e-002
    -1.0796332439940556e-001 -4.7065659559234765e-002
    9.9304015239812082e-001</data></R2>
</opencv_storage>
